Academic Evaluation Model Report
Champion Model: Logistic Regression
Dataset: 10,000 total samples (8,000 Train, 2,000 Unseen Test)
Feature Dimension: 1051 features | Classes: 324
Unseen Test Set Top-1 Accuracy: 0.7965
Unseen Test Set Top-3 Accuracy: 0.9025
Unseen Test Set Top-5 Accuracy: 0.9165
Macro F1 Score: 0.7672 | Weighted F1 Score: 0.7950

--- Per-Class Classification Report (Unseen Test Set) ---
              precision    recall  f1-score   support

           0     1.0000    1.0000    1.0000         7
           1     1.0000    0.6000    0.7500         5
           2     1.0000    1.0000    1.0000         7
           3     1.0000    0.8000    0.8889         5
           4     1.0000    0.3333    0.5000         6
           5     1.0000    1.0000    1.0000         7
           6     1.0000    1.0000    1.0000         7
           7     0.0000    0.0000    0.0000         6
           8     1.0000    1.0000    1.0000         8
           9     1.0000    1.0000    1.0000         7
          10     1.0000    1.0000    1.0000         6
          11     0.0000    0.0000    0.0000         6
          12     1.0000    1.0000    1.0000         4
          13     0.6923    1.0000    0.8182         9
          14     1.0000    1.0000    1.0000         6
          15     1.0000    1.0000    1.0000         7
          16     1.0000    1.0000    1.0000         7
          17     1.0000    1.0000    1.0000         4
          18     1.0000    1.0000    1.0000         5
          19     1.0000    1.0000    1.0000         8
          20     0.8182    1.0000    0.9000         9
          21     0.0000    0.0000    0.0000         7
          22     0.0000    0.0000    0.0000         6
          23     0.0000    0.0000    0.0000         6
          24     1.0000    1.0000    1.0000         5
          25     1.0000    1.0000    1.0000         4
          26     1.0000    1.0000    1.0000         8
          27     1.0000    1.0000    1.0000         7
          28     1.0000    1.0000    1.0000         5
          29     1.0000    1.0000    1.0000         6
          30     0.0000    0.0000    0.0000         5
          31     1.0000    1.0000    1.0000         7
          32     0.0000    0.0000    0.0000         5
          33     1.0000    1.0000    1.0000         7
          34     0.0000    0.0000    0.0000         5
          35     1.0000    1.0000    1.0000         5
          36     1.0000    1.0000    1.0000         4
          37     1.0000    1.0000    1.0000         6
          38     1.0000    1.0000    1.0000         7
          39     1.0000    1.0000    1.0000         6
          40     1.0000    0.5000    0.6667         6
          41     0.0000    0.0000    0.0000         4
          42     1.0000    1.0000    1.0000         8
          43     1.0000    1.0000    1.0000         8
          44     0.0000    0.0000    0.0000         5
          45     1.0000    1.0000    1.0000         6
          46     1.0000    1.0000    1.0000         8
          47     1.0000    1.0000    1.0000         6
          48     1.0000    1.0000    1.0000         5
          49     0.0000    0.0000    0.0000         5
          50     1.0000    1.0000    1.0000         6
          51     1.0000    1.0000    1.0000         8
          52     1.0000    1.0000    1.0000         6
          53     1.0000    0.4286    0.6000         7
          54     0.6667    1.0000    0.8000         8
          55     1.0000    1.0000    1.0000         4
          56     1.0000    1.0000    1.0000         7
          57     1.0000    1.0000    1.0000         7
          58     1.0000    0.4000    0.5714         5
          59     1.0000    1.0000    1.0000         8
          60     1.0000    1.0000    1.0000         7
          61     1.0000    1.0000    1.0000         5
          62     1.0000    1.0000    1.0000         7
          63     1.0000    1.0000    1.0000         7
          64     1.0000    1.0000    1.0000         4
          65     1.0000    1.0000    1.0000         7
          66     1.0000    1.0000    1.0000         8
          67     1.0000    1.0000    1.0000         7
          68     1.0000    0.4000    0.5714         5
          69     1.0000    1.0000    1.0000         6
          70     1.0000    0.7143    0.8333         7
          71     0.0000    0.0000    0.0000         5
          72     0.6364    1.0000    0.7778         7
          73     1.0000    1.0000    1.0000         8
          74     1.0000    1.0000    1.0000         6
          75     0.0000    0.0000    0.0000         6
          76     1.0000    1.0000    1.0000         6
          77     0.0000    0.0000    0.0000         7
          78     1.0000    1.0000    1.0000         5
          79     1.0000    1.0000    1.0000         8
          80     1.0000    1.0000    1.0000         7
          81     1.0000    0.2857    0.4444         7
          82     1.0000    1.0000    1.0000         6
          83     1.0000    1.0000    1.0000         6
          84     0.8750    1.0000    0.9333         7
          85     0.0000    0.0000    0.0000         6
          86     1.0000    1.0000    1.0000         5
          87     1.0000    0.4000    0.5714         5
          88     1.0000    1.0000    1.0000         5
          89     0.0000    0.0000    0.0000         7
          90     1.0000    1.0000    1.0000         5
          91     0.0000    0.0000    0.0000         4
          92     1.0000    1.0000    1.0000         6
          93     1.0000    1.0000    1.0000         5
          94     1.0000    1.0000    1.0000         5
          95     0.0000    0.0000    0.0000         5
          96     0.0000    0.0000    0.0000         5
          97     1.0000    1.0000    1.0000         9
          98     1.0000    1.0000    1.0000         5
          99     1.0000    1.0000    1.0000         7
         100     1.0000    1.0000    1.0000         6
         101     1.0000    1.0000    1.0000         6
         102     1.0000    1.0000    1.0000         7
         103     1.0000    1.0000    1.0000         6
         104     1.0000    1.0000    1.0000         8
         105     1.0000    1.0000    1.0000         6
         106     0.0000    0.0000    0.0000         5
         107     0.8000    1.0000    0.8889         8
         108     0.0000    0.0000    0.0000         5
         109     1.0000    1.0000    1.0000         6
         110     1.0000    0.8333    0.9091         6
         111     0.8000    1.0000    0.8889         8
         112     1.0000    1.0000    1.0000         7
         113     1.0000    1.0000    1.0000         8
         114     1.0000    1.0000    1.0000         6
         115     1.0000    1.0000    1.0000         6
         116     1.0000    1.0000    1.0000         7
         117     1.0000    1.0000    1.0000         6
         118     0.0000    0.0000    0.0000         5
         119     1.0000    1.0000    1.0000         5
         120     1.0000    0.1667    0.2857         6
         121     1.0000    1.0000    1.0000         6
         122     0.0000    0.0000    0.0000         6
         123     1.0000    1.0000    1.0000         6
         124     1.0000    1.0000    1.0000         8
         125     1.0000    1.0000    1.0000         6
         126     0.0000    0.0000    0.0000         6
         127     0.0000    0.0000    0.0000         4
         128     0.6667    1.0000    0.8000         8
         129     1.0000    1.0000    1.0000         7
         130     1.0000    1.0000    1.0000         8
         131     1.0000    1.0000    1.0000         7
         132     1.0000    1.0000    1.0000         9
         133     1.0000    1.0000    1.0000         7
         134     0.0000    0.0000    0.0000         5
         135     1.0000    1.0000    1.0000         7
         136     1.0000    0.5714    0.7273         7
         137     1.0000    1.0000    1.0000         6
         138     1.0000    1.0000    1.0000         8
         139     0.0000    0.0000    0.0000         6
         140     1.0000    1.0000    1.0000         6
         141     0.0000    0.0000    0.0000         5
         142     1.0000    1.0000    1.0000         6
         143     1.0000    1.0000    1.0000         6
         144     1.0000    0.6667    0.8000         6
         145     1.0000    1.0000    1.0000         7
         146     0.0268    1.0000    0.0522        10
         147     0.0000    0.0000    0.0000         5
         148     1.0000    1.0000    1.0000         6
         149     1.0000    1.0000    1.0000         7
         150     1.0000    1.0000    1.0000         7
         151     1.0000    1.0000    1.0000         6
         152     1.0000    1.0000    1.0000         7
         153     1.0000    1.0000    1.0000         5
         154     1.0000    1.0000    1.0000         5
         155     0.0000    0.0000    0.0000         4
         156     0.0000    0.0000    0.0000         4
         157     1.0000    1.0000    1.0000         7
         158     0.7000    1.0000    0.8235         7
         159     1.0000    1.0000    1.0000         6
         160     1.0000    1.0000    1.0000         7
         161     1.0000    1.0000    1.0000         6
         162     1.0000    1.0000    1.0000         8
         163     1.0000    1.0000    1.0000         5
         164     1.0000    0.1667    0.2857         6
         165     1.0000    1.0000    1.0000         5
         166     0.0000    0.0000    0.0000         5
         167     1.0000    1.0000    1.0000         6
         168     1.0000    1.0000    1.0000         5
         169     0.0000    0.0000    0.0000         5
         170     1.0000    0.6667    0.8000         6
         171     1.0000    1.0000    1.0000         6
         172     0.0000    0.0000    0.0000         6
         173     1.0000    0.8000    0.8889         5
         174     1.0000    1.0000    1.0000         7
         175     1.0000    1.0000    1.0000         7
         176     1.0000    1.0000    1.0000         8
         177     1.0000    1.0000    1.0000         7
         178     1.0000    1.0000    1.0000         8
         179     1.0000    1.0000    1.0000         6
         180     1.0000    1.0000    1.0000         8
         181     1.0000    1.0000    1.0000         6
         182     1.0000    1.0000    1.0000         6
         183     1.0000    1.0000    1.0000         8
         184     1.0000    1.0000    1.0000         7
         185     1.0000    1.0000    1.0000         8
         186     0.0000    0.0000    0.0000         5
         187     1.0000    1.0000    1.0000         7
         188     1.0000    1.0000    1.0000         6
         189     1.0000    1.0000    1.0000         5
         190     1.0000    1.0000    1.0000         5
         191     0.0000    0.0000    0.0000         4
         192     1.0000    0.8333    0.9091         6
         193     1.0000    1.0000    1.0000         7
         194     1.0000    1.0000    1.0000         6
         195     0.0000    0.0000    0.0000         4
         196     1.0000    1.0000    1.0000         7
         197     1.0000    1.0000    1.0000         6
         198     1.0000    1.0000    1.0000         7
         199     1.0000    1.0000    1.0000         6
         200     1.0000    1.0000    1.0000         6
         201     1.0000    1.0000    1.0000         7
         202     1.0000    1.0000    1.0000         6
         203     0.0000    0.0000    0.0000         4
         204     1.0000    1.0000    1.0000         7
         205     1.0000    1.0000    1.0000         7
         206     1.0000    1.0000    1.0000         7
         207     1.0000    1.0000    1.0000         5
         208     1.0000    1.0000    1.0000         6
         209     0.7000    1.0000    0.8235         7
         210     0.0000    0.0000    0.0000         6
         211     1.0000    1.0000    1.0000         6
         212     0.0000    0.0000    0.0000         5
         213     1.0000    1.0000    1.0000         7
         214     1.0000    1.0000    1.0000         6
         215     1.0000    1.0000    1.0000         5
         216     1.0000    1.0000    1.0000         4
         217     1.0000    0.5000    0.6667         6
         218     0.0000    0.0000    0.0000         7
         219     1.0000    1.0000    1.0000         7
         220     1.0000    1.0000    1.0000         7
         221     1.0000    1.0000    1.0000         7
         222     1.0000    1.0000    1.0000         7
         223     1.0000    1.0000    1.0000         7
         224     0.0000    0.0000    0.0000         4
         225     1.0000    1.0000    1.0000         6
         226     0.0000    0.0000    0.0000         4
         227     1.0000    1.0000    1.0000         7
         228     0.0000    0.0000    0.0000         5
         229     0.5455    1.0000    0.7059         6
         230     1.0000    1.0000    1.0000         6
         231     0.0000    0.0000    0.0000         4
         232     1.0000    1.0000    1.0000         6
         233     1.0000    1.0000    1.0000         5
         234     1.0000    1.0000    1.0000         6
         235     1.0000    1.0000    1.0000         7
         236     1.0000    0.4000    0.5714         5
         237     1.0000    1.0000    1.0000         6
         238     1.0000    1.0000    1.0000         6
         239     1.0000    1.0000    1.0000         7
         240     1.0000    1.0000    1.0000         6
         241     1.0000    1.0000    1.0000         7
         242     0.0000    0.0000    0.0000         5
         243     1.0000    1.0000    1.0000         6
         244     1.0000    1.0000    1.0000         7
         245     1.0000    1.0000    1.0000         6
         246     0.0000    0.0000    0.0000         5
         247     1.0000    1.0000    1.0000         5
         248     1.0000    1.0000    1.0000         7
         249     1.0000    1.0000    1.0000         5
         250     1.0000    1.0000    1.0000         6
         251     0.0000    0.0000    0.0000         4
         252     1.0000    1.0000    1.0000         7
         253     0.0000    0.0000    0.0000         7
         254     1.0000    0.6000    0.7500         5
         255     1.0000    1.0000    1.0000         6
         256     1.0000    1.0000    1.0000         6
         257     1.0000    1.0000    1.0000         5
         258     0.0000    0.0000    0.0000         5
         259     1.0000    1.0000    1.0000         9
         260     0.0000    0.0000    0.0000         5
         261     1.0000    0.2857    0.4444         7
         262     1.0000    1.0000    1.0000         6
         263     1.0000    1.0000    1.0000         6
         264     0.0000    0.0000    0.0000         7
         265     1.0000    1.0000    1.0000         6
         266     1.0000    1.0000    1.0000         8
         267     1.0000    1.0000    1.0000         5
         268     1.0000    1.0000    1.0000         6
         269     1.0000    1.0000    1.0000         5
         270     1.0000    1.0000    1.0000         6
         271     1.0000    1.0000    1.0000         6
         272     1.0000    1.0000    1.0000         6
         273     0.0000    0.0000    0.0000         5
         274     1.0000    1.0000    1.0000         7
         275     1.0000    0.2000    0.3333         5
         276     1.0000    1.0000    1.0000         8
         277     0.5833    1.0000    0.7368         7
         278     0.0000    0.0000    0.0000         6
         279     0.0000    0.0000    0.0000         5
         280     1.0000    0.4286    0.6000         7
         281     1.0000    1.0000    1.0000         8
         282     1.0000    1.0000    1.0000         7
         283     0.0000    0.0000    0.0000         4
         284     0.6154    1.0000    0.7619         8
         285     1.0000    1.0000    1.0000         5
         286     1.0000    0.3333    0.5000         6
         287     0.0000    0.0000    0.0000         5
         288     1.0000    1.0000    1.0000         6
         289     1.0000    1.0000    1.0000         6
         290     1.0000    1.0000    1.0000         7
         291     1.0000    1.0000    1.0000         7
         292     1.0000    1.0000    1.0000         6
         293     1.0000    1.0000    1.0000         6
         294     1.0000    1.0000    1.0000         7
         295     0.0000    0.0000    0.0000         6
         296     1.0000    1.0000    1.0000         6
         297     0.0000    0.0000    0.0000         6
         298     1.0000    1.0000    1.0000         8
         299     0.0000    0.0000    0.0000         5
         300     1.0000    1.0000    1.0000         7
         301     1.0000    0.6000    0.7500         5
         302     1.0000    1.0000    1.0000         7
         303     1.0000    1.0000    1.0000         7
         304     1.0000    0.6000    0.7500         5
         305     1.0000    1.0000    1.0000         5
         306     1.0000    0.6000    0.7500         5
         307     1.0000    1.0000    1.0000         5
         308     1.0000    1.0000    1.0000         6
         309     1.0000    1.0000    1.0000         7
         310     1.0000    1.0000    1.0000         6
         311     0.0000    0.0000    0.0000         6
         312     1.0000    1.0000    1.0000         6
         313     1.0000    1.0000    1.0000         6
         314     1.0000    0.6000    0.7500         5
         315     1.0000    1.0000    1.0000         6
         316     1.0000    1.0000    1.0000         7
         317     1.0000    1.0000    1.0000         7
         318     1.0000    1.0000    1.0000         6
         319     1.0000    1.0000    1.0000         6
         320     1.0000    1.0000    1.0000         7
         321     0.0000    0.0000    0.0000         5
         322     1.0000    1.0000    1.0000         6
         323     1.0000    1.0000    1.0000         7

    accuracy                         0.7965      2000
   macro avg     0.7936    0.7646    0.7672      2000
weighted avg     0.8185    0.7965    0.7950      2000
